===== Trade Simulation Report =====
Period: 2025-01-01 to 2025-07-10

===== Settings Used =====
LONG_TH = 0.85
SHORT_TH = 0.85
MAX_CONCURRENT_TRADES = 60
MAX_DAILY_TRADES = 70
ENTRY_START = 09:15
ENTRY_END = 14:25
FORCED_EXIT = 15:13
FIXED_PROFIT_BOOKING = 50
FIXED_STOP_LOSS = 160
EXIT_SHORT_CONFIDENCE = 0.51
EXIT_LONG_CONFIDENCE = 0.51
ENTRY_SMOOTHING_WINDOW = 3 (Weighted=True)
EXIT_SMOOTHING_WINDOW = 15 (Weighted=True)

===== Daily Report =====
            trades  win_rate  total_pl
date                                  
2025-01-01       1  0.000000    -46.80
2025-01-03      39  0.615385   -424.95
2025-01-06       1  0.000000     -9.20
2025-01-07       4  0.500000     34.35
2025-01-08      41  0.439024  -2997.10
2025-01-09      70  0.800000    954.45
2025-01-10      70  0.857143   2734.40
2025-01-14      14  0.928571    619.20
2025-01-15      48  0.666667   -561.85
2025-01-16      70  0.857143   2530.10
2025-01-17      70  0.714286    759.90
2025-01-20      21  0.952381   1780.60
2025-01-21      10  1.000000    724.35
2025-01-22      70  0.757143   -653.15
2025-01-23      70  0.871429   2444.05
2025-01-24       7  1.000000    440.50
2025-01-27      41  0.951220   2576.40
2025-01-28      27  0.703704    934.55
2025-01-31      70  0.614286  -1644.25
2025-02-01      70  0.685714    815.35
2025-02-03       3  0.000000   -110.65
2025-02-04       5  1.000000    279.55
2025-02-05      31  0.612903    232.05
2025-02-06      70  0.685714   -691.45
2025-02-07      70  0.828571   1175.05
2025-02-11      44  0.659091    611.90
2025-02-12      15  1.000000   1147.15
2025-02-13      70  0.900000   3487.10
2025-02-14      28  0.750000    120.45
2025-02-17      13  0.230769  -1562.20
2025-02-19       5  1.000000    355.00
2025-02-20      12  0.083333  -1031.10
2025-02-21      14  0.785714    605.80
2025-02-25       7  0.285714   -425.20
2025-02-27       1  0.000000    -30.85
2025-02-28      70  0.714286   -521.10
2025-03-03       5  0.600000    -41.50
2025-03-04      70  0.842857   2077.85
2025-03-06      70  0.400000  -2827.85
2025-03-07      70  1.000000   4582.05
2025-03-10       7  0.000000   -347.75
2025-03-11       6  0.000000   -136.10
2025-03-12      70  0.757143    945.10
2025-03-13      70  0.871429   1764.05
2025-03-17      10  1.000000    552.85
2025-03-18      56  0.214286  -6330.25
2025-03-19      35  0.000000  -2742.65
2025-03-20      61  0.180328  -2654.65
2025-03-21      45  0.400000  -2676.05
2025-03-24       9  1.000000    514.85
2025-03-25      16  0.125000  -2406.50
2025-03-28      70  0.885714   2287.75
2025-04-01      20  0.850000    458.00
2025-04-02       2  1.000000    105.30
2025-04-03       5  0.000000   -363.25
2025-04-04      67  0.597015    942.30
2025-04-07      24  0.625000   -293.40
2025-04-08      13  0.769231    309.10
2025-04-09      24  0.166667   -801.00
2025-04-11       4  0.750000    156.35
2025-04-15      19  0.736842    598.20
2025-04-16      11  0.000000  -1867.20
2025-04-21      70  0.828571   1591.40
2025-04-22      12  0.833333    463.80
2025-04-24       4  0.000000   -199.80
2025-04-25      70  1.000000   4672.80
2025-04-28       3  1.000000    181.60
2025-04-29      46  0.847826    850.20
2025-04-30       1  0.000000   -119.00
2025-05-02      11  1.000000    746.80
2025-05-05      42  0.857143   1157.60
2025-05-06       4  0.500000    -12.00
2025-05-12      70  0.942857   3826.00
2025-05-16       2  1.000000    107.40
2025-05-19      70  0.900000   2746.00
2025-05-20       6  0.000000   -410.60
2025-05-21       1  1.000000     60.40
2025-05-23      10  0.600000    224.60
2025-05-26      16  1.000000    887.00
2025-05-30       9  0.444444    -34.60
2025-06-02      58  0.982759   3363.00
2025-06-03       2  0.000000   -297.00
2025-06-04       2  1.000000    126.00
2025-06-06      28  0.821429    600.80
2025-06-09      58  0.551724  -1233.40
2025-06-10      10  0.000000  -1165.20
2025-06-13       6  0.500000   -268.20
2025-06-16      61  1.000000   3804.60
2025-06-17       4  0.500000    -16.40
2025-06-20       6  1.000000    461.80
2025-06-23      70  0.985714   4125.40
2025-06-27      13  1.000000    667.40
2025-06-30       5  1.000000    291.40
2025-07-01       7  0.857143    305.60
2025-07-02      19  1.000000   1130.00
2025-07-04      33  0.606061   -774.20
2025-07-07      47  0.872340   2094.00
2025-07-08       3  0.000000   -193.00
2025-07-10       4  0.000000   -289.40

===== Weekly Report =====
      trades  win_rate  total_pl
week                            
1         40  0.600000   -471.75
2        186  0.731183    716.90
3        202  0.767327   3347.35
4        178  0.848315   4736.35
5        208  0.716346   2682.05
6        179  0.726257    884.55
7        157  0.815287   5366.60
8         44  0.454545  -1632.50
9         78  0.666667   -977.15
10       215  0.744186   3790.55
11       153  0.745098   2225.30
12       207  0.246377 -13850.75
13        95  0.768421    396.10
14        94  0.627660   1142.35
15        65  0.492308   -628.95
16        30  0.466667  -1269.00
17       156  0.884615   6528.20
18        61  0.868852   1659.60
19        46  0.826087   1145.60
20        72  0.944444   3933.40
21        87  0.804598   2620.40
22        25  0.800000    852.40
23        90  0.911111   3792.80
24        74  0.472973  -2666.80
25        71  0.971831   4250.00
26        83  0.987952   4792.80
27        64  0.781250    952.80
28        54  0.759259   1611.60

===== Monthly Report =====
         trades  win_rate  total_pl
month                              
2025-01     744  0.762097  10195.55
2025-02     528  0.715909   4456.85
2025-03     670  0.594030  -7438.80
2025-04     395  0.721519   6685.40
2025-05     241  0.858921   9298.60
2025-06     323  0.845201  10460.20
2025-07     113  0.761062   2273.00

===== Overall Summary =====
Period: 2025-01-01 to 2025-07-10
Total Trades: 3014
Win Rate: 0.7279362972793629
Total P/L: 35930.80000000017